0.25058158856763046	1.0	0.001
0.25058158856763046	1.0	0.002
0.25058158856763046	1.0	0.003
0.25058158856763046	1.0	0.004
0.25058158856763046	1.0	0.005
0.25058158856763046	1.0	0.006
0.25058158856763046	1.0	0.007
0.25058158856763046	1.0	0.008
0.25058158856763046	1.0	0.009000000000000001
0.25058158856763046	1.0	0.010000000000000002
0.25058158856763046	1.0	0.011000000000000003
0.25058158856763046	1.0	0.012000000000000004
0.25058158856763046	1.0	0.013000000000000005
0.25058158856763046	1.0	0.014000000000000005
0.25058158856763046	1.0	0.015000000000000006
0.25058158856763046	1.0	0.016000000000000007
0.25058158856763046	1.0	0.017000000000000008
0.25058158856763046	1.0	0.01800000000000001
0.25066489361702127	1.0	0.01900000000000001
0.25066489361702127	1.0	0.02000000000000001
0.25066489361702127	1.0	0.02100000000000001
0.25066489361702127	1.0	0.022000000000000013
0.25066489361702127	1.0	0.023000000000000013
0.25066489361702127	1.0	0.024000000000000014
0.25066489361702127	1.0	0.025000000000000015
0.2507482540738277	1.0	0.026000000000000016
0.25083166999334666	1.0	0.027000000000000017
0.25083166999334666	1.0	0.028000000000000018
0.25058236272878537	0.9986737400530504	0.02900000000000002
0.25058236272878537	0.9986737400530504	0.03000000000000002
0.25041625041625043	0.9973474801061007	0.03100000000000002
0.2505831389536821	0.9973474801061007	0.03200000000000002
0.25066666666666665	0.9973474801061007	0.03300000000000002
0.2507502500833611	0.9973474801061007	0.03400000000000002
0.25083388925950634	0.9973474801061007	0.035000000000000024
0.2509175842509176	0.9973474801061007	0.036000000000000025
0.25100133511348466	0.9973474801061007	0.037000000000000026
0.2511690046760187	0.9973474801061007	0.03800000000000003
0.25158916025426564	0.9973474801061007	0.03900000000000003
0.25175761633746235	0.9973474801061007	0.04000000000000003
0.2520107238605898	0.9973474801061007	0.04100000000000003
0.2522643408252264	0.9973474801061007	0.04200000000000003
0.2522643408252264	0.9973474801061007	0.04300000000000003
0.2525184687709872	0.9973474801061007	0.04400000000000003
0.2531134298216089	0.9973474801061007	0.04500000000000003
0.25405405405405407	0.9973474801061007	0.046000000000000034
0.2543978349120433	0.9973474801061007	0.047000000000000035
0.25457627118644066	0.9960212201591512	0.048000000000000036
0.25544217687074827	0.9960212201591512	0.04900000000000004
0.25613915416098226	0.9960212201591512	0.05000000000000004
0.25631399317406145	0.9960212201591512	0.05100000000000004
0.2566643882433356	0.9960212201591512	0.05200000000000004
0.25658569962367433	0.9946949602122016	0.05300000000000004
0.2570253598355038	0.9946949602122016	0.05400000000000004
0.25746652935118436	0.9946949602122016	0.05500000000000004
0.25773195876288657	0.9946949602122016	0.05600000000000004
0.25809786354238456	0.993368700265252	0.057000000000000044
0.25890079502246804	0.993368700265252	0.058000000000000045
0.25943886387253207	0.993368700265252	0.059000000000000045
0.2599791738979521	0.993368700265252	0.060000000000000046
0.2599930483142162	0.9920424403183024	0.06100000000000005
0.2606420097697139	0.9907161803713528	0.06200000000000005
0.2615546218487395	0.9907161803713528	0.06300000000000004
0.26256590509666083	0.9907161803713528	0.06400000000000004
0.26339915373765865	0.9907161803713528	0.06500000000000004
0.26442477876106196	0.9907161803713528	0.06600000000000004
0.26545842217484006	0.9907161803713528	0.06700000000000005
0.2659309362762549	0.9907161803713528	0.06800000000000005
0.26707186271004646	0.9907161803713528	0.06900000000000005
0.2672877104980294	0.9893899204244032	0.07000000000000005
0.26837175792507206	0.9880636604774535	0.07100000000000005
0.26905019862766344	0.9880636604774535	0.07200000000000005
0.27012327773749095	0.9880636604774535	0.07300000000000005
0.27140255009107467	0.9880636604774535	0.07400000000000005
0.27232796486090777	0.986737400530504	0.07500000000000005
0.27356406480117823	0.9854111405835544	0.07600000000000005
0.2745750184774575	0.9854111405835544	0.07700000000000005
0.27559347181008903	0.9854111405835544	0.07800000000000006
0.27608047690014903	0.9827586206896551	0.07900000000000006
0.27711293941660436	0.9827586206896551	0.08000000000000006
0.2790960451977401	0.9827586206896551	0.08100000000000006
0.2795617680392898	0.9814323607427056	0.08200000000000006
0.2802427000379219	0.980106100795756	0.08300000000000006
0.2818459191456903	0.980106100795756	0.08400000000000006
0.28243398392652125	0.9787798408488063	0.08500000000000006
0.2831348444102958	0.9774535809018567	0.08600000000000006
0.28416988416988415	0.9761273209549072	0.08700000000000006
0.28599221789883267	0.9748010610079576	0.08800000000000006
0.287279843444227	0.9734748010610079	0.08900000000000007
0.28790259230164966	0.9721485411140584	0.09000000000000007
0.28938018160284246	0.9721485411140584	0.09100000000000007
0.2912197059992054	0.9721485411140584	0.09200000000000007
0.29261477045908185	0.9721485411140584	0.09300000000000007
0.2945674044265594	0.9708222811671088	0.09400000000000007
0.29691307879772544	0.9694960212201591	0.09500000000000007
0.2980808493262556	0.9681697612732095	0.09600000000000007
0.29987659399424105	0.96684350132626	0.09700000000000007
0.30194939858979675	0.9655172413793104	0.09800000000000007
0.30342237061769617	0.9641909814323607	0.09900000000000007
0.3048218029350105	0.9641909814323607	0.10000000000000007
0.30597643097643096	0.9641909814323607	0.10100000000000008
0.30701013513513514	0.9641909814323607	0.10200000000000008
0.3088047639302425	0.9628647214854111	0.10300000000000008
0.31049250535331907	0.9615384615384616	0.10400000000000008
0.3122308354866494	0.9615384615384616	0.10500000000000008
0.314509122502172	0.9602122015915119	0.10600000000000008
0.3159965034965035	0.9588859416445623	0.10700000000000008
0.3182218309859155	0.9588859416445623	0.10800000000000008
0.3191865605658709	0.9575596816976127	0.10900000000000008
0.320729537366548	0.9562334217506632	0.11000000000000008
0.3225950782997763	0.9562334217506632	0.11100000000000008
0.3238738738738739	0.9535809018567639	0.11200000000000009
0.32607709750566893	0.9535809018567639	0.11300000000000009
0.32650273224043713	0.9509283819628647	0.11400000000000009
0.326605504587156	0.9442970822281167	0.11500000000000009
0.32795946568401657	0.9442970822281167	0.11600000000000009
0.330236878773804	0.9429708222811671	0.11700000000000009
0.33115671641791045	0.9416445623342176	0.11800000000000009
0.33239568682606657	0.9403183023872679	0.11900000000000009
0.33349034385303816	0.9389920424403183	0.12000000000000009
0.3357041251778094	0.9389920424403183	0.1210000000000001
0.33714285714285713	0.9389920424403183	0.1220000000000001
0.33974050937049494	0.9376657824933687	0.1230000000000001
0.34105161601543654	0.9376657824933687	0.1240000000000001
0.34271844660194173	0.9363395225464191	0.12500000000000008
0.34455832113225965	0.9363395225464191	0.12600000000000008
0.34573947110675807	0.9363395225464191	0.12700000000000009
0.34711964549483015	0.9350132625994695	0.12800000000000009
0.3493557978196234	0.9350132625994695	0.1290000000000001
0.35147279081377936	0.9336870026525199	0.1300000000000001
0.3532363271450075	0.9336870026525199	0.1310000000000001
0.3557692307692308	0.9323607427055703	0.1320000000000001
0.3574338085539715	0.9310344827586207	0.1330000000000001
0.359079283887468	0.9310344827586207	0.1340000000000001
0.36018471010774755	0.9310344827586207	0.1350000000000001
0.3622291021671827	0.9310344827586207	0.1360000000000001
0.3630705394190871	0.9283819628647215	0.1370000000000001
0.36496350364963503	0.9283819628647215	0.1380000000000001
0.3663522012578616	0.9270557029177718	0.1390000000000001
0.36828240252897787	0.9270557029177718	0.1400000000000001
0.36989931107578167	0.9257294429708223	0.1410000000000001
0.3720682302771855	0.9257294429708223	0.1420000000000001
0.37366167023554603	0.9257294429708223	0.1430000000000001
0.3755387931034483	0.9244031830238727	0.1440000000000001
0.37757313109425783	0.9244031830238727	0.1450000000000001
0.378598587724063	0.9244031830238727	0.1460000000000001
0.3806663025669033	0.9244031830238727	0.1470000000000001
0.3827567270730368	0.9244031830238727	0.1480000000000001
0.3833883388338834	0.9244031830238727	0.1490000000000001
0.3850828729281768	0.9244031830238727	0.1500000000000001
0.38786867000556485	0.9244031830238727	0.1510000000000001
0.38960313024035775	0.9244031830238727	0.1520000000000001
0.39091418956814356	0.9244031830238727	0.1530000000000001
0.3924336533032185	0.9217506631299734	0.1540000000000001
0.3944381384790011	0.9217506631299734	0.1550000000000001
0.39544159544159546	0.9204244031830239	0.1560000000000001
0.3970166379804934	0.9177718832891246	0.1570000000000001
0.3986175115207373	0.9177718832891246	0.1580000000000001
0.4003476245654693	0.916445623342175	0.1590000000000001
0.401977894124491	0.916445623342175	0.16000000000000011
0.40338587273788673	0.916445623342175	0.16100000000000012
0.4055164319248826	0.916445623342175	0.16200000000000012
0.40599294947121034	0.916445623342175	0.16300000000000012
0.40694935217903416	0.916445623342175	0.16400000000000012
0.4079102715466352	0.916445623342175	0.16500000000000012
0.40963139120095127	0.9137931034482759	0.16600000000000012
0.41109785202863963	0.9137931034482759	0.16700000000000012
0.4125748502994012	0.9137931034482759	0.16800000000000012
0.4148103552077062	0.9137931034482759	0.16900000000000012
0.4153104279686558	0.9137931034482759	0.17000000000000012
0.41681790683605563	0.9137931034482759	0.17100000000000012
0.41808252427184467	0.9137931034482759	0.17200000000000013
0.41859052247873635	0.9137931034482759	0.17300000000000013
0.4198659354052407	0.9137931034482759	0.17400000000000013
0.42114914425427874	0.9137931034482759	0.17500000000000013
0.4226044226044226	0.9124668435013262	0.17600000000000013
0.42338461538461536	0.9124668435013262	0.17700000000000013
0.4252163164400494	0.9124668435013262	0.17800000000000013
0.4267990074441687	0.9124668435013262	0.17900000000000013
0.42697327532628965	0.9111405835543767	0.18000000000000013
0.42750466708151835	0.9111405835543767	0.18100000000000013
0.42768079800498754	0.9098143236074271	0.18200000000000013
0.4292866082603254	0.9098143236074271	0.18300000000000013
0.4295554164057608	0.9098143236074271	0.18400000000000014
0.42910915934755334	0.9071618037135278	0.18500000000000014
0.43100189035916825	0.9071618037135278	0.18600000000000014
0.4318181818181818	0.9071618037135278	0.18700000000000014
0.43263757115749524	0.9071618037135278	0.18800000000000014
0.4325522482583914	0.9058355437665783	0.18900000000000014
0.43392630241423125	0.9058355437665783	0.19000000000000014
0.4347549331635901	0.9058355437665783	0.19100000000000014
0.4347549331635901	0.9058355437665783	0.19200000000000014
0.43530911408540474	0.9058355437665783	0.19300000000000014
0.4358647096362476	0.9058355437665783	0.19400000000000014
0.4372599231754161	0.9058355437665783	0.19500000000000015
0.4378205128205128	0.9058355437665783	0.19600000000000015
0.4386640976236352	0.9058355437665783	0.19700000000000015
0.4389460154241645	0.9058355437665783	0.19800000000000015
0.44007731958762886	0.9058355437665783	0.19900000000000015
0.44028405422853456	0.9045092838196287	0.20000000000000015
0.4417098445595855	0.9045092838196287	0.20100000000000015
0.44228274967574577	0.9045092838196287	0.20200000000000015
0.4425697598961713	0.9045092838196287	0.20300000000000015
0.4422077922077922	0.903183023872679	0.20400000000000015
0.44299674267100975	0.9018567639257294	0.20500000000000015
0.4426336375488918	0.9005305039787799	0.20600000000000016
0.4437908496732026	0.9005305039787799	0.20700000000000016
0.44495412844036697	0.9005305039787799	0.20800000000000016
0.44553805774278216	0.9005305039787799	0.20900000000000016
0.44553805774278216	0.9005305039787799	0.21000000000000016
0.44641683103221563	0.9005305039787799	0.21100000000000016
0.44671052631578945	0.9005305039787799	0.21200000000000016
0.44729907773386035	0.9005305039787799	0.21300000000000016
0.4484808454425363	0.9005305039787799	0.21400000000000016
0.4493712772998015	0.9005305039787799	0.21500000000000016
0.44966887417218543	0.9005305039787799	0.21600000000000016
0.45086321381142097	0.9005305039787799	0.21700000000000016
0.45146276595744683	0.9005305039787799	0.21800000000000017
0.45206391478029295	0.9005305039787799	0.21900000000000017
0.45236508994004	0.9005305039787799	0.22000000000000017
0.45296864576384255	0.9005305039787799	0.22100000000000017
0.45357381429525717	0.9005305039787799	0.22200000000000017
0.4550938337801609	0.9005305039787799	0.22300000000000017
0.45539906103286387	0.9005305039787799	0.22400000000000017
0.4557046979865772	0.9005305039787799	0.22500000000000017
0.45631720430107525	0.9005305039787799	0.22600000000000017
0.4578556979096426	0.9005305039787799	0.22700000000000017
0.4581081081081081	0.8992042440318302	0.22800000000000017
0.45934959349593496	0.8992042440318302	0.22900000000000018
0.45966101694915257	0.8992042440318302	0.23000000000000018
0.4621676891615542	0.8992042440318302	0.23100000000000018
0.4634313055365687	0.8992042440318302	0.23200000000000018
0.46406570841889117	0.8992042440318302	0.23300000000000018
0.4653397391901167	0.8992042440318302	0.23400000000000018
0.4669421487603306	0.8992042440318302	0.23500000000000018
0.46790890269151136	0.8992042440318302	0.23600000000000018
0.468232044198895	0.8992042440318302	0.23700000000000018
0.468232044198895	0.8992042440318302	0.23800000000000018
0.46887966804979253	0.8992042440318302	0.23900000000000018
0.4698544698544699	0.8992042440318302	0.24000000000000019
0.4698544698544699	0.8992042440318302	0.2410000000000002
0.4708333333333333	0.8992042440318302	0.2420000000000002
0.47116052814454484	0.8992042440318302	0.2430000000000002
0.4714881780250348	0.8992042440318302	0.2440000000000002
0.4718162839248434	0.8992042440318302	0.2450000000000002
0.47280334728033474	0.8992042440318302	0.2460000000000002
0.473463687150838	0.8992042440318302	0.2470000000000002
0.47412587412587415	0.8992042440318302	0.2480000000000002
0.47478991596638653	0.8992042440318302	0.2490000000000002
0.47578947368421054	0.8992042440318302	0.25000000000000017
0.4767932489451477	0.8992042440318302	0.25100000000000017
0.47780126849894294	0.8992042440318302	0.25200000000000017
0.4781382228490832	0.8992042440318302	0.25300000000000017
0.4794617563739377	0.8978779840848806	0.25400000000000017
0.48014184397163123	0.8978779840848806	0.25500000000000017
0.48185053380782916	0.8978779840848806	0.25600000000000017
0.48185053380782916	0.8978779840848806	0.2570000000000002
0.48253741981468284	0.8978779840848806	0.2580000000000002
0.483226266952177	0.8978779840848806	0.2590000000000002
0.4835714285714286	0.8978779840848806	0.2600000000000002
0.4853046594982079	0.8978779840848806	0.2610000000000002
0.4867002156721783	0.8978779840848806	0.2620000000000002
0.48740100791936647	0.8978779840848806	0.2630000000000002
0.4877521613832853	0.8978779840848806	0.2640000000000002
0.4895003620564808	0.896551724137931	0.2650000000000002
0.49127906976744184	0.896551724137931	0.2660000000000002
0.49199417758369723	0.896551724137931	0.2670000000000002
0.4923525127458121	0.896551724137931	0.2680000000000002
0.493791088385683	0.896551724137931	0.2690000000000002
0.49451353328456477	0.896551724137931	0.2700000000000002
0.49486803519061584	0.8952254641909815	0.2710000000000002
0.4966887417218543	0.8952254641909815	0.2720000000000002
0.49705449189985274	0.8952254641909815	0.2730000000000002
0.4985228951255539	0.8952254641909815	0.2740000000000002
0.5	0.8952254641909815	0.2750000000000002
0.5011135857461024	0.8952254641909815	0.2760000000000002
0.5029806259314457	0.8952254641909815	0.2770000000000002
0.5041075429424944	0.8952254641909815	0.2780000000000002
0.5052395209580839	0.8952254641909815	0.2790000000000002
0.5056179775280899	0.8952254641909815	0.2800000000000002
0.5075187969924813	0.8952254641909815	0.2810000000000002
0.5082831325301205	0.8952254641909815	0.2820000000000002
0.5094339622641509	0.8952254641909815	0.2830000000000002
0.510590015128593	0.8952254641909815	0.2840000000000002
0.511751326762699	0.8952254641909815	0.2850000000000002
0.5129179331306991	0.8952254641909815	0.2860000000000002
0.5144817073170732	0.8952254641909815	0.2870000000000002
0.5164498852333589	0.8952254641909815	0.2880000000000002
0.5176380368098159	0.8952254641909815	0.2890000000000002
0.5196304849884527	0.8952254641909815	0.2900000000000002
0.5212355212355212	0.8952254641909815	0.2910000000000002
0.5224458204334366	0.8952254641909815	0.2920000000000002
0.5232558139534884	0.8952254641909815	0.2930000000000002
0.5240683229813664	0.8952254641909815	0.2940000000000002
0.5252918287937743	0.8952254641909815	0.2950000000000002
0.5269320843091335	0.8952254641909815	0.2960000000000002
0.5302435192458759	0.8952254641909815	0.2970000000000002
0.529874213836478	0.8938992042440318	0.2980000000000002
0.5307086614173229	0.8938992042440318	0.2990000000000002
0.531965272296764	0.8938992042440318	0.3000000000000002
0.5340729001584786	0.8938992042440318	0.3010000000000002
0.5353455123113582	0.8938992042440318	0.3020000000000002
0.5374800637958532	0.8938992042440318	0.3030000000000002
0.5383386581469649	0.8938992042440318	0.3040000000000002
0.5387689848121503	0.8938992042440318	0.3050000000000002
0.5431103948428686	0.8938992042440318	0.3060000000000002
0.5440582053354891	0.8925729442970822	0.3070000000000002
0.5467099918765231	0.8925729442970822	0.3080000000000002
0.5480456026058632	0.8925729442970822	0.3090000000000002
0.5493877551020409	0.8925729442970822	0.3100000000000002
0.5507364975450082	0.8925729442970822	0.3110000000000002
0.5511875511875511	0.8925729442970822	0.3120000000000002
0.5512715340442986	0.8912466843501327	0.3130000000000002
0.5536303630363036	0.889920424403183	0.3140000000000002
0.555004135649297	0.889920424403183	0.3150000000000002
0.5568464730290457	0.889920424403183	0.3160000000000002
0.5574043261231281	0.8885941644562334	0.3170000000000002
0.5592654424040067	0.8885941644562334	0.3180000000000002
0.560200668896321	0.8885941644562334	0.31900000000000023
0.5598326359832636	0.8872679045092838	0.32000000000000023
0.5607711651299245	0.8872679045092838	0.32100000000000023
0.5636057287278854	0.8872679045092838	0.32200000000000023
0.5646661031276415	0.8859416445623343	0.32300000000000023
0.5651438240270727	0.8859416445623343	0.32400000000000023
0.5656223539373413	0.8859416445623343	0.32500000000000023
0.5665818490245971	0.8859416445623343	0.32600000000000023
0.5694799658994032	0.8859416445623343	0.32700000000000023
0.5710616438356164	0.8846153846153846	0.32800000000000024
0.5716738197424893	0.883289124668435	0.32900000000000024
0.5721649484536082	0.883289124668435	0.33000000000000024
0.5736434108527132	0.883289124668435	0.33100000000000024
0.5751295336787565	0.883289124668435	0.33200000000000024
0.5771230502599654	0.883289124668435	0.33300000000000024
0.578627280625543	0.883289124668435	0.33400000000000024
0.5796344647519582	0.883289124668435	0.33500000000000024
0.5821678321678322	0.883289124668435	0.33600000000000024
0.5842105263157895	0.883289124668435	0.33700000000000024
0.5857519788918206	0.883289124668435	0.33800000000000024
0.586784140969163	0.883289124668435	0.33900000000000025
0.586784140969163	0.883289124668435	0.34000000000000025
0.588339222614841	0.883289124668435	0.34100000000000025
0.5900621118012422	0.8819628647214854	0.34200000000000025
0.591273374888691	0.8806366047745358	0.34300000000000025
0.5914362176628011	0.8793103448275862	0.34400000000000025
0.5919642857142857	0.8793103448275862	0.34500000000000025
0.5919642857142857	0.8793103448275862	0.34600000000000025
0.5935541629364369	0.8793103448275862	0.34700000000000025
0.5931899641577061	0.8779840848806366	0.34800000000000025
0.5954954954954955	0.876657824933687	0.34900000000000025
0.5971093044263776	0.876657824933687	0.35000000000000026
0.5971093044263776	0.876657824933687	0.35100000000000026
0.5981900452488688	0.876657824933687	0.35200000000000026
0.5994550408719346	0.8753315649867374	0.35300000000000026
0.6010928961748634	0.8753315649867374	0.35400000000000026
0.6023765996343693	0.8740053050397878	0.35500000000000026
0.6040329972502292	0.8740053050397878	0.35600000000000026
0.6051423324150597	0.8740053050397878	0.35700000000000026
0.6053357865685373	0.8726790450928382	0.35800000000000026
0.6081330868761553	0.8726790450928382	0.35900000000000026
0.6103896103896104	0.8726790450928382	0.36000000000000026
0.6105947955390335	0.8713527851458885	0.36100000000000027
0.6105947955390335	0.8713527851458885	0.36200000000000027
0.611731843575419	0.8713527851458885	0.36300000000000027
0.6128731343283582	0.8713527851458885	0.36400000000000027
0.6157450796626054	0.8713527851458885	0.36500000000000027
0.6163227016885553	0.8713527851458885	0.36600000000000027
0.6169014084507042	0.8713527851458885	0.36700000000000027
0.6174812030075187	0.8713527851458885	0.36800000000000027
0.619811320754717	0.8713527851458885	0.36900000000000027
0.6233396584440227	0.8713527851458885	0.3700000000000003
0.6238095238095238	0.8687002652519894	0.3710000000000003
0.6244041944709247	0.8687002652519894	0.3720000000000003
0.6255969436485196	0.8687002652519894	0.3730000000000003
0.6252390057361377	0.8673740053050398	0.3740000000000003
0.6266794625719769	0.8660477453580901	0.3750000000000003
0.6278846153846154	0.8660477453580901	0.3760000000000003
0.6302032913843175	0.863395225464191	0.3770000000000003
0.6316812439261419	0.8620689655172413	0.3780000000000003
0.6344086021505376	0.8607427055702918	0.3790000000000003
0.6340508806262231	0.8594164456233422	0.3800000000000003
0.6365422396856582	0.8594164456233422	0.3810000000000003
0.6371681415929203	0.8594164456233422	0.3820000000000003
0.6377952755905512	0.8594164456233422	0.3830000000000003
0.6390532544378699	0.8594164456233422	0.3840000000000003
0.6396841066140178	0.8594164456233422	0.3850000000000003
0.6412289395441031	0.8580901856763926	0.3860000000000003
0.6418650793650794	0.8580901856763926	0.3870000000000003
0.643141153081511	0.8580901856763926	0.3880000000000003
0.6450648055832503	0.8580901856763926	0.3890000000000003
0.646	0.8567639257294429	0.3900000000000003
0.647887323943662	0.8541114058355438	0.3910000000000003
0.6481854838709677	0.8527851458885941	0.3920000000000003
0.6494949494949495	0.8527851458885941	0.3930000000000003
0.6514690982776089	0.8527851458885941	0.3940000000000003
0.6511156186612576	0.8514588859416445	0.3950000000000003
0.6531027466937945	0.8514588859416445	0.3960000000000003
0.6537678207739308	0.8514588859416445	0.3970000000000003
0.65439672801636	0.8488063660477454	0.3980000000000003
0.6564102564102564	0.8488063660477454	0.3990000000000003
0.6584362139917695	0.8488063660477454	0.4000000000000003
0.6584362139917695	0.8488063660477454	0.4010000000000003
0.6601239669421488	0.8474801061007957	0.4020000000000003
0.6608066184074457	0.8474801061007957	0.4030000000000003
0.6621761658031088	0.8474801061007957	0.4040000000000003
0.6614745586708204	0.8448275862068966	0.4050000000000003
0.6635416666666667	0.8448275862068966	0.4060000000000003
0.6649214659685864	0.8421750663129973	0.4070000000000003
0.667016806722689	0.8421750663129973	0.4080000000000003
0.6691253951527925	0.8421750663129973	0.4090000000000003
0.6687763713080169	0.8408488063660478	0.4100000000000003
0.6694825765575502	0.8408488063660478	0.4110000000000003
0.6708994708994709	0.8408488063660478	0.4120000000000003
0.6716101694915254	0.8408488063660478	0.4130000000000003
0.6726886291179596	0.8395225464190982	0.4140000000000003
0.6719914802981896	0.8368700265251989	0.4150000000000003
0.6716417910447762	0.8355437665782494	0.4160000000000003
0.6730769230769231	0.8355437665782494	0.4170000000000003
0.6730769230769231	0.8355437665782494	0.4180000000000003
0.6723768736616702	0.8328912466843501	0.4190000000000003
0.6745435016111708	0.8328912466843501	0.4200000000000003
0.6752688172043011	0.8328912466843501	0.4210000000000003
0.6771058315334774	0.8315649867374005	0.4220000000000003
0.6778378378378378	0.8315649867374005	0.4230000000000003
0.6785714285714286	0.8315649867374005	0.4240000000000003
0.6796959826275787	0.830238726790451	0.4250000000000003
0.6796959826275787	0.830238726790451	0.4260000000000003
0.6811751904243744	0.830238726790451	0.4270000000000003
0.6819672131147541	0.8275862068965517	0.4280000000000003
0.6823658269441402	0.8262599469496021	0.4290000000000003
0.6838638858397366	0.8262599469496021	0.4300000000000003
0.6835722160970231	0.8222811671087533	0.4310000000000003
0.6843267108167771	0.8222811671087533	0.43200000000000033
0.6850828729281768	0.8222811671087533	0.43300000000000033
0.6873614190687362	0.8222811671087533	0.43400000000000033
0.6870144284128746	0.8209549071618037	0.43500000000000033
0.6866666666666666	0.8196286472148541	0.43600000000000033
0.6870824053452116	0.8183023872679045	0.43700000000000033
0.6890380313199105	0.8169761273209549	0.43800000000000033
0.6886898096304591	0.8156498673740054	0.43900000000000033
0.6894618834080718	0.8156498673740054	0.44000000000000034
0.6898876404494382	0.8143236074270557	0.44100000000000034
0.6910935738444194	0.8129973474801061	0.44200000000000034
0.6923076923076923	0.8116710875331565	0.44300000000000034
0.6954545454545454	0.8116710875331565	0.44400000000000034
0.6970387243735763	0.8116710875331565	0.44500000000000034
0.6966932725199544	0.8103448275862069	0.44600000000000034
0.6971428571428572	0.8090185676392573	0.44700000000000034
0.6991963260619977	0.8076923076923077	0.44800000000000034
0.7008055235903338	0.8076923076923077	0.44900000000000034
0.7020785219399538	0.8063660477453581	0.45000000000000034
0.7041763341067285	0.8050397877984085	0.45100000000000035
0.7046511627906977	0.8037135278514589	0.45200000000000035
0.7054714784633295	0.8037135278514589	0.45300000000000035
0.7054714784633295	0.8037135278514589	0.45400000000000035
0.7067757009345794	0.8023872679045093	0.45500000000000035
0.7072599531615925	0.8010610079575596	0.45600000000000035
0.7080890973036342	0.8010610079575596	0.45700000000000035
0.7097532314923619	0.8010610079575596	0.45800000000000035
0.7107438016528925	0.7984084880636605	0.45900000000000035
0.7112426035502959	0.7970822281167109	0.46000000000000035
0.7129300118623962	0.7970822281167109	0.46100000000000035
0.7142857142857143	0.7957559681697612	0.46200000000000035
0.7141148325358851	0.7917771883289124	0.46300000000000036
0.7166866746698679	0.7917771883289124	0.46400000000000036
0.717208182912154	0.7904509283819628	0.46500000000000036
0.7177322074788902	0.7891246684350133	0.46600000000000036
0.7182587666263603	0.7877984084880637	0.46700000000000036
0.7191283292978208	0.7877984084880637	0.46800000000000036
0.7210718635809987	0.7851458885941645	0.46900000000000036
0.7207317073170731	0.7838196286472149	0.47000000000000036
0.7230392156862745	0.7824933687002652	0.47100000000000036
0.7232472324723247	0.7798408488063661	0.47200000000000036
0.7222222222222222	0.7758620689655172	0.47300000000000036
0.7245657568238213	0.7745358090185677	0.47400000000000037
0.7254658385093168	0.7745358090185677	0.47500000000000037
0.7256857855361596	0.7718832891246684	0.47600000000000037
0.72625	0.7705570291777188	0.47700000000000037
0.7273869346733668	0.7679045092838196	0.47800000000000037
0.7273869346733668	0.7679045092838196	0.47900000000000037
0.7283018867924528	0.7679045092838196	0.48000000000000037
0.7297979797979798	0.76657824933687	0.48100000000000037
0.7313054499366286	0.7652519893899205	0.4820000000000004
0.7322335025380711	0.7652519893899205	0.4830000000000004
0.732824427480916	0.7639257294429708	0.4840000000000004
0.7337579617834394	0.7639257294429708	0.4850000000000004
0.7343550446998723	0.7625994694960212	0.4860000000000004
0.7343550446998723	0.7625994694960212	0.4870000000000004
0.7352941176470589	0.7625994694960212	0.4880000000000004
0.735897435897436	0.7612732095490716	0.4890000000000004
0.7377892030848329	0.7612732095490716	0.4900000000000004
0.7380645161290322	0.7586206896551724	0.4910000000000004
0.7390180878552972	0.7586206896551724	0.4920000000000004
0.7386804657179818	0.7572944297082228	0.4930000000000004
0.741222366710013	0.7559681697612732	0.4940000000000004
0.741514360313316	0.753315649867374	0.4950000000000004
0.7421465968586387	0.7519893899204244	0.4960000000000004
0.7476882430647291	0.7506631299734748	0.4970000000000004
0.7480106100795756	0.7480106100795756	0.4980000000000004
0.75	0.7480106100795756	0.4990000000000004
0.7516688918558078	0.746684350132626	0.5000000000000003
0.7536813922356091	0.746684350132626	0.5010000000000003
0.7536813922356091	0.746684350132626	0.5020000000000003
0.7530201342281879	0.7440318302387268	0.5030000000000003
0.7530201342281879	0.7440318302387268	0.5040000000000003
0.7543859649122807	0.7413793103448276	0.5050000000000003
0.7560975609756098	0.7400530503978779	0.5060000000000003
0.7561307901907357	0.7360742705570292	0.5070000000000003
0.7561307901907357	0.7360742705570292	0.5080000000000003
0.7568306010928961	0.7347480106100795	0.5090000000000003
0.7568681318681318	0.7307692307692307	0.5100000000000003
0.7568681318681318	0.7307692307692307	0.5110000000000003
0.7568681318681318	0.7307692307692307	0.5120000000000003
0.760387811634349	0.7281167108753316	0.5130000000000003
0.7593880389429764	0.7241379310344828	0.5140000000000003
0.7601115760111576	0.7228116710875332	0.5150000000000003
0.7605042016806722	0.7201591511936339	0.5160000000000003
0.7598314606741573	0.7175066312997348	0.5170000000000003
0.7602256699576869	0.7148541114058355	0.5180000000000003
0.7620396600566572	0.713527851458886	0.5190000000000003
0.7628571428571429	0.7082228116710876	0.5200000000000004
0.763271162123386	0.7055702917771883	0.5210000000000004
0.762589928057554	0.7029177718832891	0.5220000000000004
0.7644508670520231	0.7015915119363395	0.5230000000000004
0.7677793904208998	0.7015915119363395	0.5240000000000004
0.7708029197080292	0.7002652519893899	0.5250000000000004
0.77046783625731	0.6989389920424404	0.5260000000000004
0.7715959004392386	0.6989389920424404	0.5270000000000004
0.7723935389133627	0.6976127320954907	0.5280000000000004
0.7723935389133627	0.6976127320954907	0.5290000000000004
0.7723935389133627	0.6976127320954907	0.5300000000000004
0.7743362831858407	0.6962864721485411	0.5310000000000004
0.7751479289940828	0.6949602122015915	0.5320000000000004
0.7759643916913946	0.6936339522546419	0.5330000000000004
0.7759643916913946	0.6936339522546419	0.5340000000000004
0.7752976190476191	0.6909814323607427	0.5350000000000004
0.7746268656716417	0.6883289124668435	0.5360000000000004
0.7757847533632287	0.6883289124668435	0.5370000000000004
0.7757847533632287	0.6883289124668435	0.5380000000000004
0.7762762762762763	0.6856763925729443	0.5390000000000004
0.7759398496240602	0.6843501326259946	0.5400000000000004
0.7767722473604827	0.6830238726790451	0.5410000000000004
0.7764350453172205	0.6816976127320955	0.5420000000000004
0.7772727272727272	0.6803713527851459	0.5430000000000004
0.7772727272727272	0.6803713527851459	0.5440000000000004
0.777947932618683	0.6737400530503979	0.5450000000000004
0.7836166924265843	0.6724137931034483	0.5460000000000004
0.7848297213622291	0.6724137931034483	0.5470000000000004
0.7844961240310078	0.6710875331564987	0.5480000000000004
0.7862714508580343	0.6684350132625995	0.5490000000000004
0.7861635220125787	0.6631299734748011	0.5500000000000004
0.7876386687797148	0.6591511936339522	0.5510000000000004
0.7885532591414944	0.6578249336870027	0.5520000000000004
0.7898089171974523	0.6578249336870027	0.5530000000000004
0.7904	0.6551724137931034	0.5540000000000004
0.7893890675241158	0.6511936339522546	0.5550000000000004
0.7893030794165316	0.6458885941644562	0.5560000000000004
0.7886178861788617	0.6432360742705571	0.5570000000000004
0.7899022801302932	0.6432360742705571	0.5580000000000004
0.7911908646003263	0.6432360742705571	0.5590000000000004
0.7908496732026143	0.6419098143236074	0.5600000000000004
0.7908496732026143	0.6419098143236074	0.5610000000000004
0.7934426229508197	0.6419098143236074	0.5620000000000004
0.7940691927512356	0.6392572944297082	0.5630000000000004
0.7973421926910299	0.636604774535809	0.5640000000000004
0.7973199329983249	0.6312997347480106	0.5650000000000004
0.7983193277310925	0.629973474801061	0.5660000000000004
0.7993254637436762	0.6286472148541115	0.5670000000000004
0.8044217687074829	0.6273209549071618	0.5680000000000004
0.8057921635434412	0.6273209549071618	0.5690000000000004
0.809931506849315	0.6273209549071618	0.5700000000000004
0.810671256454389	0.6246684350132626	0.5710000000000004
0.8103448275862069	0.623342175066313	0.5720000000000004
0.8129370629370629	0.616710875331565	0.5730000000000004
0.8129370629370629	0.616710875331565	0.5740000000000004
0.8154657293497364	0.6153846153846154	0.5750000000000004
0.8151408450704225	0.6140583554376657	0.5760000000000004
0.8162544169611308	0.6127320954907162	0.5770000000000004
0.8170515097690941	0.610079575596817	0.5780000000000004
0.8170515097690941	0.610079575596817	0.5790000000000004
0.8211091234347049	0.6087533156498673	0.5800000000000004
0.8231046931407943	0.6047745358090185	0.5810000000000004
0.822141560798548	0.6007957559681698	0.5820000000000004
0.8233151183970856	0.5994694960212201	0.5830000000000004
0.8241758241758241	0.596816976127321	0.5840000000000004
0.8238532110091743	0.5954907161803713	0.5850000000000004
0.8238532110091743	0.5954907161803713	0.5860000000000004
0.8250460405156538	0.5941644562334217	0.5870000000000004
0.8243992606284658	0.5915119363395226	0.5880000000000004
0.8256029684601113	0.5901856763925729	0.5890000000000004
0.8299065420560747	0.5888594164456233	0.5900000000000004
0.8361581920903954	0.5888594164456233	0.5910000000000004
0.8374291115311909	0.5875331564986738	0.5920000000000004
0.8403041825095057	0.5862068965517241	0.5930000000000004
0.8413001912045889	0.583554376657825	0.5940000000000004
0.8409961685823755	0.5822281167108754	0.5950000000000004
0.8420038535645472	0.5795755968169761	0.5960000000000004
0.8413926499032882	0.5769230769230769	0.5970000000000004
0.8413926499032882	0.5769230769230769	0.5980000000000004
0.8460038986354775	0.5755968169761273	0.5990000000000004
0.8490196078431372	0.5742705570291777	0.6000000000000004
0.8500986193293886	0.5716180371352785	0.6010000000000004
0.849802371541502	0.5702917771883289	0.6020000000000004
0.8495049504950495	0.5689655172413793	0.6030000000000004
0.8511904761904762	0.5689655172413793	0.6040000000000004
0.8511904761904762	0.5689655172413793	0.6050000000000004
0.8508946322067594	0.5676392572944297	0.6060000000000004
0.8514056224899599	0.5623342175066313	0.6070000000000004
0.8525252525252526	0.5596816976127321	0.6080000000000004
0.8522267206477733	0.5583554376657824	0.6090000000000004
0.8522267206477733	0.5583554376657824	0.6100000000000004
0.8522267206477733	0.5583554376657824	0.6110000000000004
0.8536585365853658	0.5570291777188329	0.6120000000000004
0.8533604887983707	0.5557029177718833	0.6130000000000004
0.8533604887983707	0.5557029177718833	0.6140000000000004
0.852760736196319	0.553050397877984	0.6150000000000004
0.8556701030927835	0.5503978779840849	0.6160000000000004
0.8568464730290456	0.5477453580901857	0.6170000000000004
0.8580375782881002	0.5450928381962865	0.6180000000000004
0.8589473684210527	0.5411140583554377	0.6190000000000004
0.8586497890295358	0.5397877984084881	0.6200000000000004
0.8583509513742071	0.5384615384615384	0.6210000000000004
0.8632478632478633	0.5358090185676393	0.6220000000000004
0.8669527896995708	0.5358090185676393	0.6230000000000004
0.8701298701298701	0.53315649867374	0.6240000000000004
0.8755458515283843	0.5318302387267905	0.6250000000000004
0.875	0.5291777188328912	0.6260000000000004
0.8788546255506607	0.5291777188328912	0.6270000000000004
0.8785871964679912	0.5278514588859416	0.6280000000000004
0.8816964285714286	0.5238726790450928	0.6290000000000004
0.8834080717488789	0.5225464190981433	0.6300000000000004
0.8853932584269663	0.5225464190981433	0.6310000000000004
0.8851351351351351	0.5212201591511937	0.6320000000000005
0.8886363636363637	0.5185676392572944	0.6330000000000005
0.8899082568807339	0.5145888594164456	0.6340000000000005
0.8917050691244239	0.513262599469496	0.6350000000000005
0.8937644341801386	0.513262599469496	0.6360000000000005
0.8930232558139535	0.5092838196286472	0.6370000000000005
0.8925233644859814	0.506631299734748	0.6380000000000005
0.892018779342723	0.5039787798408488	0.6390000000000005
0.8936170212765957	0.5013262599469496	0.6400000000000005
0.8933649289099526	0.5	0.6410000000000005
0.8933649289099526	0.5	0.6420000000000005
0.8931116389548693	0.4986737400530504	0.6430000000000005
0.8952380952380953	0.4986737400530504	0.6440000000000005
0.8973747016706444	0.4986737400530504	0.6450000000000005
0.8971291866028708	0.4973474801061008	0.6460000000000005
0.8971291866028708	0.4973474801061008	0.6470000000000005
0.8971291866028708	0.4973474801061008	0.6480000000000005
0.9014423076923077	0.4973474801061008	0.6490000000000005
0.9012048192771084	0.4960212201591512	0.6500000000000005
0.9007263922518159	0.493368700265252	0.6510000000000005
0.9004854368932039	0.4920424403183024	0.6520000000000005
0.9002433090024331	0.4907161803713528	0.6530000000000005
0.9	0.48938992042440316	0.6540000000000005
0.9041769041769042	0.4880636604774536	0.6550000000000005
0.9061728395061729	0.48673740053050396	0.6560000000000005
0.9054726368159204	0.4827586206896552	0.6570000000000005
0.9075	0.48143236074270557	0.6580000000000005
0.906801007556675	0.47745358090185674	0.6590000000000005
0.9111675126903553	0.4761273209549072	0.6600000000000005
0.9107142857142857	0.473474801061008	0.6610000000000005
0.9104859335038363	0.47214854111405835	0.6620000000000005
0.9104859335038363	0.47214854111405835	0.6630000000000005
0.9102564102564102	0.4708222811671088	0.6640000000000005
0.9119170984455959	0.46684350132625996	0.6650000000000005
0.9116883116883117	0.46551724137931033	0.6660000000000005
0.9136125654450262	0.46286472148541113	0.6670000000000005
0.9133858267716536	0.46153846153846156	0.6680000000000005
0.9131578947368421	0.46021220159151194	0.6690000000000005
0.9153439153439153	0.4588859416445623	0.6700000000000005
0.9171122994652406	0.45490716180371354	0.6710000000000005
0.9164420485175202	0.4509283819628647	0.6720000000000005
0.9186991869918699	0.4496021220159151	0.6730000000000005
0.9182561307901907	0.4469496021220159	0.6740000000000005
0.9182561307901907	0.4469496021220159	0.6750000000000005
0.9207650273224044	0.4469496021220159	0.6760000000000005
0.9205479452054794	0.44562334217506633	0.6770000000000005
0.9226519337016574	0.44297082228116713	0.6780000000000005
0.9224376731301939	0.4416445623342175	0.6790000000000005
0.9222222222222223	0.4403183023872679	0.6800000000000005
0.9222222222222223	0.4403183023872679	0.6810000000000005
0.9217877094972067	0.4376657824933687	0.6820000000000005
0.9243697478991597	0.4376657824933687	0.6830000000000005
0.923943661971831	0.4350132625994695	0.6840000000000005
0.9235127478753541	0.4323607427055703	0.6850000000000005
0.9235127478753541	0.4323607427055703	0.6860000000000005
0.9232954545454546	0.43103448275862066	0.6870000000000005
0.9259259259259259	0.43103448275862066	0.6880000000000005
0.9285714285714286	0.43103448275862066	0.6890000000000005
0.9312320916905444	0.43103448275862066	0.6900000000000005
0.930635838150289	0.4270557029177719	0.6910000000000005
0.930635838150289	0.4270557029177719	0.6920000000000005
0.9333333333333333	0.4270557029177719	0.6930000000000005
0.935672514619883	0.4244031830238727	0.6940000000000005
0.9354838709677419	0.4230769230769231	0.6950000000000005
0.9352941176470588	0.4217506631299735	0.6960000000000005
0.9349112426035503	0.41909814323607425	0.6970000000000005
0.9349112426035503	0.41909814323607425	0.6980000000000005
0.9349112426035503	0.41909814323607425	0.6990000000000005
0.9349112426035503	0.41909814323607425	0.7000000000000005
0.9343283582089552	0.4151193633952255	0.7010000000000005
0.9333333333333333	0.40848806366047746	0.7020000000000005
0.9331306990881459	0.40716180371352784	0.7030000000000005
0.9386503067484663	0.40583554376657827	0.7040000000000005
0.9382716049382716	0.40318302387267907	0.7050000000000005
0.9380804953560371	0.40185676392572944	0.7060000000000005
0.937888198757764	0.4005305039787798	0.7070000000000005
0.9376947040498442	0.39920424403183025	0.7080000000000005
0.9376947040498442	0.39920424403183025	0.7090000000000005
0.940625	0.39920424403183025	0.7100000000000005
0.9404388714733543	0.3978779840848806	0.7110000000000005
0.9396825396825397	0.3925729442970822	0.7120000000000005
0.939297124600639	0.38992042440318303	0.7130000000000005
0.9389067524115756	0.38726790450928383	0.7140000000000005
0.9389067524115756	0.38726790450928383	0.7150000000000005
0.9389067524115756	0.38726790450928383	0.7160000000000005
0.9387096774193548	0.3859416445623342	0.7170000000000005
0.9385113268608414	0.38461538461538464	0.7180000000000005
0.9383116883116883	0.383289124668435	0.7190000000000005
0.9379084967320261	0.3806366047745358	0.7200000000000005
0.9379084967320261	0.3806366047745358	0.7210000000000005
0.9375	0.3779840848806366	0.7220000000000005
0.9370860927152318	0.3753315649867374	0.7230000000000005
0.9401993355481728	0.3753315649867374	0.7240000000000005
0.94	0.3740053050397878	0.7250000000000005
0.94	0.3740053050397878	0.7260000000000005
0.9395973154362416	0.3713527851458886	0.7270000000000005
0.9427609427609428	0.3713527851458886	0.7280000000000005
0.9427609427609428	0.3713527851458886	0.7290000000000005
0.9425675675675675	0.37002652519893897	0.7300000000000005
0.9425675675675675	0.37002652519893897	0.7310000000000005
0.9455782312925171	0.3687002652519894	0.7320000000000005
0.9455782312925171	0.3687002652519894	0.7330000000000005
0.9517241379310345	0.3660477453580902	0.7340000000000005
0.9515570934256056	0.3647214854111406	0.7350000000000005
0.9512195121951219	0.3620689655172414	0.7360000000000005
0.951048951048951	0.36074270557029176	0.7370000000000005
0.951048951048951	0.36074270557029176	0.7380000000000005
0.9508771929824561	0.3594164456233422	0.7390000000000005
0.9539007092198581	0.356763925729443	0.7400000000000005
0.9539007092198581	0.356763925729443	0.7410000000000005
0.9539007092198581	0.356763925729443	0.7420000000000005
0.953405017921147	0.35278514588859416	0.7430000000000005
0.953405017921147	0.35278514588859416	0.7440000000000005
0.9527272727272728	0.34748010610079577	0.7450000000000006
0.9525547445255474	0.34615384615384615	0.7460000000000006
0.9522058823529411	0.34350132625994695	0.7470000000000006
0.9522058823529411	0.34350132625994695	0.7480000000000006
0.9520295202952029	0.3421750663129973	0.7490000000000006
0.9589552238805971	0.34084880636604775	0.7500000000000006
0.9588014981273408	0.3395225464190981	0.7510000000000006
0.9588014981273408	0.3395225464190981	0.7520000000000006
0.9624060150375939	0.3395225464190981	0.7530000000000006
0.9624060150375939	0.3395225464190981	0.7540000000000006
0.9624060150375939	0.3395225464190981	0.7550000000000006
0.9624060150375939	0.3395225464190981	0.7560000000000006
0.9621212121212122	0.33687002652519893	0.7570000000000006
0.9621212121212122	0.33687002652519893	0.7580000000000006
0.9615384615384616	0.33156498673740054	0.7590000000000006
0.96484375	0.3275862068965517	0.7600000000000006
0.9647058823529412	0.32625994694960214	0.7610000000000006
0.9644268774703557	0.32360742705570295	0.7620000000000006
0.963855421686747	0.3183023872679045	0.7630000000000006
0.9676113360323887	0.3169761273209549	0.7640000000000006
0.967479674796748	0.3156498673740053	0.7650000000000006
0.9669421487603306	0.3103448275862069	0.7660000000000006
0.9705882352941176	0.3063660477453581	0.7670000000000006
0.9703389830508474	0.3037135278514589	0.7680000000000006
0.9702127659574468	0.30238726790450926	0.7690000000000006
0.9702127659574468	0.30238726790450926	0.7700000000000006
0.9700854700854701	0.3010610079575597	0.7710000000000006
0.9699570815450643	0.29973474801061006	0.7720000000000006
0.9692982456140351	0.29310344827586204	0.7730000000000006
0.9691629955947136	0.2917771883289125	0.7740000000000006
0.9691629955947136	0.2917771883289125	0.7750000000000006
0.96875	0.28779840848806365	0.7760000000000006
0.9683257918552036	0.2838196286472148	0.7770000000000006
0.9722222222222222	0.27851458885941643	0.7780000000000006
0.9716981132075472	0.27320954907161804	0.7790000000000006
0.9711538461538461	0.26790450928381965	0.7800000000000006
0.9710144927536232	0.26657824933687	0.7810000000000006
0.9710144927536232	0.26657824933687	0.7820000000000006
0.9707317073170731	0.2639257294429708	0.7830000000000006
0.9754901960784313	0.2639257294429708	0.7840000000000006
0.975	0.25862068965517243	0.7850000000000006
0.9748743718592965	0.2572944297082228	0.7860000000000006
0.9796954314720813	0.25596816976127323	0.7870000000000006
0.9846153846153847	0.2546419098143236	0.7880000000000006
0.9845360824742269	0.253315649867374	0.7890000000000006
0.9842931937172775	0.2493368700265252	0.7900000000000006
0.9841269841269841	0.246684350132626	0.7910000000000006
0.9840425531914894	0.2453580901856764	0.7920000000000006
0.983957219251337	0.2440318302387268	0.7930000000000006
0.9890710382513661	0.24005305039787797	0.7940000000000006
0.988950276243094	0.23740053050397877	0.7950000000000006
0.9887005649717514	0.23209549071618038	0.7960000000000006
0.9885714285714285	0.22944297082228116	0.7970000000000006
0.9880952380952381	0.22015915119363394	0.7980000000000006
0.9880952380952381	0.22015915119363394	0.7990000000000006
0.9939759036144579	0.21883289124668434	0.8000000000000006
0.9939759036144579	0.21883289124668434	0.8010000000000006
0.9939393939393939	0.21750663129973474	0.8020000000000006
0.9938650306748467	0.21485411140583555	0.8030000000000006
0.9937106918238994	0.20954907161803712	0.8040000000000006
0.9936305732484076	0.20689655172413793	0.8050000000000006
0.9935483870967742	0.20424403183023873	0.8060000000000006
0.993421052631579	0.2002652519893899	0.8070000000000006
0.993421052631579	0.2002652519893899	0.8080000000000006
0.993421052631579	0.2002652519893899	0.8090000000000006
0.993421052631579	0.2002652519893899	0.8100000000000006
0.9933333333333333	0.1976127320954907	0.8110000000000006
0.9932885906040269	0.1962864721485411	0.8120000000000006
1.0	0.19363395225464192	0.8130000000000006
1.0	0.19363395225464192	0.8140000000000006
1.0	0.19230769230769232	0.8150000000000006
1.0	0.1909814323607427	0.8160000000000006
1.0	0.1883289124668435	0.8170000000000006
1.0	0.1843501326259947	0.8180000000000006
1.0	0.1816976127320955	0.8190000000000006
1.0	0.17904509283819628	0.8200000000000006
1.0	0.17771883289124668	0.8210000000000006
1.0	0.17639257294429708	0.8220000000000006
1.0	0.17374005305039789	0.8230000000000006
1.0	0.16843501326259946	0.8240000000000006
1.0	0.16843501326259946	0.8250000000000006
1.0	0.16578249336870027	0.8260000000000006
1.0	0.16312997347480107	0.8270000000000006
1.0	0.15782493368700265	0.8280000000000006
1.0	0.15384615384615385	0.8290000000000006
1.0	0.15251989389920426	0.8300000000000006
1.0	0.14986737400530503	0.8310000000000006
1.0	0.14721485411140584	0.8320000000000006
1.0	0.14588859416445624	0.8330000000000006
1.0	0.14323607427055704	0.8340000000000006
1.0	0.14058355437665782	0.8350000000000006
1.0	0.13925729442970822	0.8360000000000006
1.0	0.13793103448275862	0.8370000000000006
1.0	0.13660477453580902	0.8380000000000006
1.0	0.13527851458885942	0.8390000000000006
1.0	0.1312997347480106	0.8400000000000006
1.0	0.1286472148541114	0.8410000000000006
1.0	0.1286472148541114	0.8420000000000006
1.0	0.1259946949602122	0.8430000000000006
1.0	0.123342175066313	0.8440000000000006
1.0	0.1220159151193634	0.8450000000000006
1.0	0.11803713527851459	0.8460000000000006
1.0	0.11671087533156499	0.8470000000000006
1.0	0.11273209549071618	0.8480000000000006
1.0	0.11140583554376658	0.8490000000000006
1.0	0.11140583554376658	0.8500000000000006
1.0	0.10742705570291777	0.8510000000000006
1.0	0.10079575596816977	0.8520000000000006
1.0	0.10079575596816977	0.8530000000000006
1.0	0.09814323607427056	0.8540000000000006
1.0	0.09681697612732096	0.8550000000000006
1.0	0.09681697612732096	0.8560000000000006
1.0	0.09681697612732096	0.8570000000000007
1.0	0.09549071618037135	0.8580000000000007
1.0	0.09283819628647215	0.8590000000000007
1.0	0.09018567639257294	0.8600000000000007
1.0	0.08753315649867374	0.8610000000000007
1.0	0.08620689655172414	0.8620000000000007
1.0	0.08355437665782493	0.8630000000000007
1.0	0.08222811671087533	0.8640000000000007
1.0	0.08090185676392574	0.8650000000000007
1.0	0.07957559681697612	0.8660000000000007
1.0	0.07559681697612732	0.8670000000000007
1.0	0.07294429708222812	0.8680000000000007
1.0	0.07161803713527852	0.8690000000000007
1.0	0.07029177718832891	0.8700000000000007
1.0	0.06631299734748011	0.8710000000000007
1.0	0.0636604774535809	0.8720000000000007
1.0	0.0623342175066313	0.8730000000000007
1.0	0.0623342175066313	0.8740000000000007
1.0	0.05968169761273209	0.8750000000000007
1.0	0.058355437665782495	0.8760000000000007
1.0	0.05702917771883289	0.8770000000000007
1.0	0.05702917771883289	0.8780000000000007
1.0	0.05570291777188329	0.8790000000000007
1.0	0.05305039787798409	0.8800000000000007
1.0	0.05305039787798409	0.8810000000000007
1.0	0.05172413793103448	0.8820000000000007
1.0	0.04907161803713528	0.8830000000000007
1.0	0.04907161803713528	0.8840000000000007
1.0	0.04774535809018567	0.8850000000000007
1.0	0.04376657824933687	0.8860000000000007
1.0	0.04111405835543767	0.8870000000000007
1.0	0.04111405835543767	0.8880000000000007
1.0	0.03978779840848806	0.8890000000000007
1.0	0.03978779840848806	0.8900000000000007
1.0	0.03713527851458886	0.8910000000000007
1.0	0.03713527851458886	0.8920000000000007
1.0	0.03580901856763926	0.8930000000000007
1.0	0.03580901856763926	0.8940000000000007
1.0	0.034482758620689655	0.8950000000000007
1.0	0.03183023872679045	0.8960000000000007
1.0	0.03050397877984085	0.8970000000000007
1.0	0.029177718832891247	0.8980000000000007
1.0	0.027851458885941646	0.8990000000000007
1.0	0.027851458885941646	0.9000000000000007
1.0	0.025198938992042442	0.9010000000000007
1.0	0.023872679045092837	0.9020000000000007
1.0	0.022546419098143235	0.9030000000000007
1.0	0.022546419098143235	0.9040000000000007
1.0	0.021220159151193633	0.9050000000000007
1.0	0.01856763925729443	0.9060000000000007
1.0	0.017241379310344827	0.9070000000000007
1.0	0.017241379310344827	0.9080000000000007
1.0	0.015915119363395226	0.9090000000000007
1.0	0.015915119363395226	0.9100000000000007
1.0	0.014588859416445624	0.9110000000000007
1.0	0.014588859416445624	0.9120000000000007
1.0	0.013262599469496022	0.9130000000000007
1.0	0.013262599469496022	0.9140000000000007
1.0	0.011936339522546418	0.9150000000000007
1.0	0.010610079575596816	0.9160000000000007
1.0	0.009283819628647215	0.9170000000000007
1.0	0.007957559681697613	0.9180000000000007
1.0	0.007957559681697613	0.9190000000000007
1.0	0.007957559681697613	0.9200000000000007
1.0	0.007957559681697613	0.9210000000000007
1.0	0.006631299734748011	0.9220000000000007
1.0	0.006631299734748011	0.9230000000000007
1.0	0.005305039787798408	0.9240000000000007
1.0	0.003978779840848806	0.9250000000000007
1.0	0.003978779840848806	0.9260000000000007
1.0	0.003978779840848806	0.9270000000000007
1.0	0.003978779840848806	0.9280000000000007
1.0	0.003978779840848806	0.9290000000000007
1.0	0.002652519893899204	0.9300000000000007
1.0	0.002652519893899204	0.9310000000000007
1.0	0.002652519893899204	0.9320000000000007
1.0	0.002652519893899204	0.9330000000000007
1.0	0.002652519893899204	0.9340000000000007
1.0	0.001326259946949602	0.9350000000000007
1.0	0.001326259946949602	0.9360000000000007
1.0	0.001326259946949602	0.9370000000000007
1.0	0.001326259946949602	0.9380000000000007